1995    72  115   59   65   10   49   40   51   40   60   54   34
1996    36   53   36   17   30   19   27   13    0    3   34   36
1997    38   51   73   48   40   46   39   43   48   64   54   49
1998    59   97   65   83   62   68   79   71   64   53   54   79
1999    58   96   27   49   32   32   35   32   39   41   52   72
2000    31   89   84   83   53   38   39   48   35   29   20   24
2001    53   47   75   52   53   52   58   61   48   53   96   63
2002    97  103  108   52   45   61   59   47   53   51   74   44
2003    85   48   60   59   63   49   60   75   74   93   66   95
2004    64   83   85   67   51   44   46   49   57   69   92   51
2005    89   65   87   86   74   76   75   67   89   94  102   73
2006    61   84   76   50   70   71   60   64   71   96   94  110
2007   129   89   90  103   58   60   58   67   61   79   74   73
2008    22   43  106   55   54   53   53   53   53   87   85   57
2009    80   57   65   32   10   23    6   13   13   20   33   51
2010   -13   16    0    8    4   -1    4  -10    3   -5  -19   32
2011    47   28   37    4   -2    6   17   22   24    8   47   11
2012    28   -1   16  -12   16    6    6   -2   -7    5  -17  -47
2013     3  -34   -5  -10    2   -1  -13   -3   -2   -1    1   12
2014    32   33   21   14   14    8   -5   -1   -4    1   -2    4
2015    20   47    1    2   17   14   27   23   36   18    3   49
2016    55   38   43   39   35   36   36   20   22   17   -4   40
2017     0   45   39   28   15   19   27   23   22   21    4   32
2018    40   41  111   68   46   44   32   37   37   45   48   38
2019    50   54   41   51   34   43   44   31   35   32   32   17
2020    54   42   41    1   12    0  -11  -10  -22  -17  -19   21
2021    35   47   37   15   27   21    9   -3   -9   13  -11    5
2022    37    0   40   45   34   34   32   29   28   55   38   30